1769190322015 0.7252747416496277 0
1769190322185 0.848901093006134 1
1769190322348 0.9230769276618958 2
1769190322549 0.9285714030265808 3
1769190322705 0.9478021860122681 4
1769190322875 0.9532967209815979 5
1769190323205 0.9505494236946106 6
1769190323339 0.9670329689979553 7
1769190323472 0.9725274443626404 8
1769190323685 0.9725274443626404 9
1769190323960 0.9780219793319702 10
1769190324270 0.9642857313156128 11
1769190324575 0.9725274443626404 12
1769190324775 0.9807692170143127 13
1769190325061 0.9807692170143127 14
1769190325220 0.9807692170143127 15
1769190325393 0.9807692170143127 16
1769190325549 0.9835164546966553 17
1769190325758 0.9807692170143127 18
1769190325920 0.9807692170143127 19
1769190326080 0.9945054650306702 20
1769190326225 0.9890109896659851 21
1769190326410 0.9890109896659851 22
1769190326566 0.9835164546966553 23
1769190326717 0.9890109896659851 24
1769190326876 0.9780219793319702 25
1769190327064 0.9807692170143127 26
1769190327230 0.9862637519836426 27
1769190327381 0.9890109896659851 28
1769190327605 0.9917582273483276 29
1769190327804 0.9945054650306702 30
1769190327961 0.9862637519836426 31
1769190328144 0.9890109896659851 32
1769190328306 0.9945054650306702 33
1769190328463 0.9890109896659851 34
