1769190322015 0.5495573282241821 0
1769190322185 0.34058067202568054 1
1769190322348 0.25414320826530457 2
1769190322549 0.19529105722904205 3
1769190322705 0.16792358458042145 4
1769190322875 0.14448365569114685 5
1769190323205 0.12333076447248459 6
1769190323339 0.12112182378768921 7
1769190323472 0.10633283108472824 8
1769190323685 0.09029912203550339 9
1769190323960 0.0910605937242508 10
1769190324270 0.08897287398576736 11
1769190324575 0.08112064749002457 12
1769190324775 0.06805768609046936 13
1769190325061 0.06835439801216125 14
1769190325220 0.06242544203996658 15
1769190325393 0.06151431053876877 16
1769190325549 0.06086946278810501 17
1769190325758 0.0527479462325573 18
1769190325920 0.06010185927152634 19
1769190326080 0.03394173085689545 20
1769190326225 0.04534999653697014 21
1769190326410 0.0350588895380497 22
1769190326566 0.05488454923033714 23
1769190326717 0.035893168300390244 24
1769190326876 0.049080703407526016 25
1769190327064 0.04426905885338783 26
1769190327230 0.05132756754755974 27
1769190327381 0.035900015383958817 28
1769190327605 0.03572266548871994 29
1769190327804 0.02484344318509102 30
1769190327961 0.03422984108328819 31
1769190328144 0.03533121198415756 32
1769190328306 0.025129184126853943 33
1769190328463 0.030483761802315712 34
